entries  in_hit   in_slow_tot in_slow_mc in_no_route in_brd   in_martian_dst in_martian_src out_hit  out_slow_tot out_slow_mc gc_total gc_ignored gc_goal_miss gc_dst_overflow in_hlist_search out_hlist_search
00000655 00000000 00000002    00000000   00000000    00000000 00000000       00000000       00000000 000005ff     00000000    00000000 00000000   00000000     00000000        00000000        00000000
00000655 00000000 00000007    00000000   00000000    00000000 00000000       00000000       00000000 0000073c     00000000    00000000 00000000   00000000     00000000        00000000        00000000
00000655 00000000 0000000b    00000000   00000000    00000000 00000000       00000000       00000000 000007b0     00000000    00000000 00000000   00000000     00000000        00000000        00000000
00000655 00000000 00000022    00000000   00000000    00000000 00000000       00000000       00000000 000006e5     00000000    00000000 00000000   00000000     00000000        00000000        00000000
00000655 00000000 00000039    00000000   00000000    00000000 00000000       00000000       00000000 00000659     00000000    00000000 00000000   00000000     00000000        00000000        00000000
00000655 00000000 00000021    00000000   00000000    00000000 00000000       00000000       00000000 00000609     00000000    00000000 00000000   00000000     00000000        00000000        00000000
00000655 00000000 0000000c    00000000   00000000    00000000 00000000       00000000       00000000 000006fa     00000000    00000000 00000000   00000000     00000000        00000000        00000000
00000655 00000000 00000024    00000000   00000000    00000000 00000000       00000000       00000000 00000650     00000000    00000000 00000000   00000000     00000000        00000000        00000000
00000655 00000000 0000000c    00000000   00000004    00000000 00000000       00000000       00000000 0000054c     00000000    00000000 00000000   00000000     00000000        00000000        00000000
00000655 00000000 00000020    00000000   00000000    00000000 00000000       00000000       00000000 000006ee     00000000    00000000 00000000   00000000     00000000        00000000        00000000
00000655 00000000 0000000b    00000000   00000000    00000000 00000000       00000000       00000000 00000605     00000000    00000000 00000000   00000000     00000000        00000000        00000000
00000655 00000000 00000044    00000000   00000000    00000000 00000000       00000000       00000000 00000665     00000000    00000000 00000000   00000000     00000000        00000000        00000000
00000655 00000000 00000025    00000000   00000000    00000000 00000000       00000000       00000000 00000638     00000000    00000000 00000000   00000000     00000000        00000000        00000000
00000655 00000000 00000004    00000000   00000000    00000000 00000000       00000000       00000000 00000728     00000000    00000000 00000000   00000000     00000000        00000000        00000000
00000655 00000000 0000003c    00000000   00000000    00000000 00000000       00000000       00000000 0000068c     00000000    00000000 00000000   00000000     00000000        00000000        00000000
00000655 00000000 00000021    00000000   00000000    00000000 00000000       00000000       00000000 000006f3     00000000    00000000 00000000   00000000     00000000        00000000        00000000
00000655 00000000 00000065    00000000   00000000    00000000 00000000       00000000       00000000 000006b4     00000000    00000000 00000000   00000000     00000000        00000000        00000000
00000655 00000000 0000000f    00000000   00000000    00000000 00000000       00000000       00000000 00000626     00000000    00000000 00000000   00000000     00000000        00000000        00000000
00000655 00000000 00000017    00000000   00000000    00000000 00000000       00000000       00000000 0000059c     00000000    00000000 00000000   00000000     00000000        00000000        00000000
00000655 00000000 00000006    00000000   00000000    00000000 00000000       00000000       00000000 000005e4     00000000    00000000 00000000   00000000     00000000        00000000        00000000
00000655 00000000 00000022    00000000   00000000    00000000 00000000       00000000       00000000 00000617     00000000    00000000 00000000   00000000     00000000        00000000        00000000
00000655 00000000 00000025    00000000   00000000    00000000 00000000       00000000       00000000 000005bb     00000000    00000000 00000000   00000000     00000000        00000000        00000000
00000655 00000000 00000011    00000000   00000000    00000000 00000000       00000000       00000000 0000066c     00000000    00000000 00000000   00000000     00000000        00000000        00000000
00000655 00000000 00000009    00000000   00000000    00000000 00000000       00000000       00000000 00000669     00000000    00000000 00000000   00000000     00000000        00000000        00000000
00000655 00000000 0000000b    00000000   00000000    00000000 00000000       00000000       00000000 0000063d     00000000    00000000 00000000   00000000     00000000        00000000        00000000
00000655 00000000 00000003    00000000   00000000    00000000 00000000       00000000       00000000 000005c3     00000000    00000000 00000000   00000000     00000000        00000000        00000000
00000655 00000000 0000001f    00000000   00000000    00000000 00000000       00000000       00000000 000005e8     00000000    00000000 00000000   00000000     00000000        00000000        00000000
00000655 00000000 0000001d    00000000   00000000    00000000 00000000       00000000       00000000 0000055c     00000000    00000000 00000000   00000000     00000000        00000000        00000000
00000655 00000000 00000033    00000000   00000000    00000000 00000000       00000000       00000000 0000047d     00000000    00000000 00000000   00000000     00000000        00000000        00000000
00000655 00000000 0000000a    00000000   00000000    00000000 00000000       00000000       00000000 000005a6     00000000    00000000 00000000   00000000     00000000        00000000        00000000
00000655 00000000 00000009    00000000   00000000    00000000 00000000       00000000       00000000 00000673     00000000    00000000 00000000   00000000     00000000        00000000        00000000
00000655 00000000 00000004    00000000   00000000    00000000 00000000       00000000       00000000 00000677     00000000    00000000 00000000   00000000     00000000        00000000        00000000
