0002866a 00000000 0000009e 00000000 00000000 00000000 00000000 00000000 00000000 00000000 00000000 00000000 00000000
00022496 00000000 00000095 00000000 00000000 00000000 00000000 00000000 00000000 00000000 00000000 00000000 00000001
0002791a 00000000 000000a9 00000000 00000000 00000000 00000000 00000000 00000000 00000000 00000000 00000000 00000002
000c92bb 00000000 0000039c 00000000 00000000 00000000 00000000 00000000 00000000 00000000 00000000 00000000 00000003
000760d5 00000000 000001d2 00000000 00000000 00000000 00000000 00000000 00000000 00000000 00000000 00000000 00000004
0007fce1 00000000 00000245 00000000 00000000 00000000 00000000 00000000 00000000 00000000 00000000 00000000 00000005
0002696d 00000000 0000008f 00000000 00000000 00000000 00000000 00000000 00000000 00000000 00000000 00000000 00000006
0010b963 00000000 000004db 00000000 00000000 00000000 00000000 00000000 00000000 00000000 00000000 00000000 00000007
000352bc 00000000 000000e1 00000000 00000000 00000000 00000000 00000000 00000000 00000000 00000000 00000000 00000008
0006c9ce 00000000 00000209 00000000 00000000 00000000 00000000 00000000 00000000 00000000 00000000 00000000 00000009
0002ba24 00000000 000000b6 00000000 00000000 00000000 00000000 00000000 00000000 00000000 00000000 00000000 0000000a
00086f32 00000000 0000027a 00000000 00000000 00000000 00000000 00000000 00000000 00000000 00000000 00000000 0000000b
000bf423 00000000 000003a4 00000000 00000000 00000000 00000000 00000000 00000000 00000000 00000000 00000000 0000000c
0002f103 00000000 000000b9 00000000 00000000 00000000 00000000 00000000 00000000 00000000 00000000 00000000 0000000d
0003a25d 00000000 00000110 00000000 00000000 00000000 00000000 00000000 00000000 00000000 00000000 00000000 0000000e
0003c0e4 00000000 0000014a 00000000 00000000 00000000 00000000 00000000 00000000 00000000 00000000 00000000 0000000f
000d09ba 00000000 000003bc 00000000 00000000 00000000 00000000 00000000 00000000 00000000 00000000 00000000 00000010
000236e2 00000000 0000009e 00000000 00000000 00000000 00000000 00000000 00000000 00000000 00000000 00000000 00000011
000d3eb2 00000000 000003f9 00000000 00000000 00000000 00000000 00000000 00000000 00000000 00000000 00000000 00000012
0003629c 00000000 0000010b 00000000 00000000 00000000 00000000 00000000 00000000 00000000 00000000 00000000 00000013
00037add 00000000 0000011f 00000000 00000000 00000000 00000000 00000000 00000000 00000000 00000000 00000000 00000014
00081ca4 00000000 0000023b 00000000 00000000 00000000 00000000 00000000 00000000 00000000 00000000 00000000 00000015
0002592a 00000000 000000b1 00000000 00000000 00000000 00000000 00000000 00000000 00000000 00000000 00000000 00000016
0002db78 00000000 000000cf 00000000 00000000 00000000 00000000 00000000 00000000 00000000 00000000 00000000 00000017
000203f0 00000000 0000008f 00000000 00000000 00000000 00000000 00000000 00000000 00000000 00000000 00000000 00000018
0002630a 00000000 000000a4 00000000 00000000 00000000 00000000 00000000 00000000 00000000 00000000 00000000 00000019
000a3f83 00000000 00000318 00000000 00000000 00000000 00000000 00000000 00000000 00000000 00000000 00000000 0000001a
000a4a60 00000000 0000030e 00000000 00000000 00000000 00000000 00000000 00000000 00000000 00000000 00000000 0000001b
000d9c61 00000000 00000423 00000000 00000000 00000000 00000000 00000000 00000000 00000000 00000000 00000000 0000001c
00023f27 00000000 0000008f 00000000 00000000 00000000 00000000 00000000 00000000 00000000 00000000 00000000 0000001d
0002daea 00000000 000000d3 00000000 00000000 00000000 00000000 00000000 00000000 00000000 00000000 00000000 0000001e
0001d44f 00000000 0000008a 00000000 00000000 00000000 00000000 00000000 00000000 00000000 00000000 00000000 0000001f
