Num       RefCount Protocol Flags    Type St Inode Path
0000000000000000: 00000003 00000000 00000000 0001 03 1310463
0000000000000000: 00000002 00000000 00010000 0001 01 1290674 /tmp/vscode-ipc-8b676745-063d-4d3c-8f7a-d7cca4c9b840.sock
0000000000000000: 00000002 00000000 00010000 0001 01 1310485 /tmp/vscode-git-b6675fa9b1.sock
0000000000000000: 00000002 00000000 00010000 0001 01 1310486 /tmp/gitpod-vscode-ipc-8b676745-063d-4d3c-8f7a-d7cca4c9b840.sock
0000000000000000: 00000002 00000000 00010000 0001 01 1314359 /tmp/vscode-ipc-cdae71b3-baac-429d-999b-c3b86c484b70.sock
0000000000000000: 00000002 00000000 00010000 0001 01 1314360 /tmp/vscode-ipc-43434554-a42e-405d-ae80-85d8ab1c0cb3.sock
0000000000000000: 00000002 00000000 00010000 0001 01 1284435 /home/gitpod/.pg_ctl/sockets/.s.PGSQL.5432
0000000000000000: 00000003 00000000 00000000 0001 03 1284454
0000000000000000: 00000003 00000000 00000000 0001 03 1297587
0000000000000000: 00000003 00000000 00000000 0001 03 1310464
0000000000000000: 00000003 00000000 00000000 0001 03 1310459
0000000000000000: 00000003 00000000 00000000 0001 03 1274547
0000000000000000: 00000003 00000000 00000000 0001 03 1297583
0000000000000000: 00000003 00000000 00000000 0001 03 1274546
0000000000000000: 00000003 00000000 00000000 0001 03 1310462
0000000000000000: 00000003 00000000 00000000 0001 03 1284455
0000000000000000: 00000003 00000000 00000000 0001 03 1327733
0000000000000000: 00000003 00000000 00000000 0001 03 1310458
0000000000000000: 00000003 00000000 00000000 0001 03 1288490
0000000000000000: 00000003 00000000 00000000 0001 03 1284452
0000000000000000: 00000003 00000000 00000000 0001 03 1297582
0000000000000000: 00000003 00000000 00000000 0001 03 1327735
0000000000000000: 00000003 00000000 00000000 0001 03 1288489
0000000000000000: 00000003 00000000 00000000 0001 03 1297575
0000000000000000: 00000003 00000000 00000000 0001 03 1297573
0000000000000000: 00000003 00000000 00000000 0001 03 1563597
0000000000000000: 00000003 00000000 00000000 0001 03 1327737
0000000000000000: 00000003 00000000 00000000 0001 03 1297586
0000000000000000: 00000003 00000000 00000000 0001 03 1310457
0000000000000000: 00000002 00000000 00010000 0001 01 1277261 /var/run/docker.sock
0000000000000000: 00000003 00000000 00000000 0001 03 1284456
0000000000000000: 00000003 00000000 00000000 0001 03 1297578
0000000000000000: 00000003 00000000 00000000 0001 03 1327736
0000000000000000: 00000003 00000000 00000000 0001 03 1284451
0000000000000000: 00000003 00000000 00000000 0001 03 1297584
0000000000000000: 00000003 00000000 00000000 0001 03 1310460
0000000000000000: 00000003 00000000 00000000 0001 03 1297585
0000000000000000: 00000003 00000000 00000000 0001 03 1310461
0000000000000000: 00000003 00000000 00000000 0001 03 1284458
0000000000000000: 00000003 00000000 00000000 0001 03 1327734
0000000000000000: 00000003 00000000 00000000 0001 03 1327732
0000000000000000: 00000003 00000000 00000000 0001 03 1314356
0000000000000000: 00000003 00000000 00000000 0001 03 1288491
0000000000000000: 00000003 00000000 00000000 0001 03 1288488
0000000000000000: 00000003 00000000 00000000 0001 03 1284457
0000000000000000: 00000003 00000000 00000000 0001 03 1297581
0000000000000000: 00000003 00000000 00000000 0001 03 1327738
0000000000000000: 00000003 00000000 00000000 0001 03 1327731
0000000000000000: 00000003 00000000 00000000 0001 03 1284453
0000000000000000: 00000003 00000000 00000000 0001 03 1297588
0000000000000000: 00000003 00000000 00000000 0001 03 1297574
0000000000000000: 00000003 00000000 00000000 0001 03 1554792 /tmp/supervisor30768731/.supervisor/info.sock
0000000000000000: 00000003 00000000 00000000 0001 03 1314357
0000000000000000: 00000003 00000000 00000000 0001 03 1297577
0000000000000000: 00000003 00000000 00000000 0001 03 1297576
