entries  in_hit   in_slow_tot in_slow_mc in_no_route in_brd   in_martian_dst in_martian_src out_hit  out_slow_tot out_slow_mc gc_total gc_ignored gc_goal_miss gc_dst_overflow in_hlist_search out_hlist_search
00000652 00000000 00000002    00000000   00000000    00000000 00000000       00000000       00000000 000005ff     00000000    00000000 00000000   00000000     00000000        00000000        00000000
00000652 00000000 00000007    00000000   00000000    00000000 00000000       00000000       00000000 00000730     00000000    00000000 00000000   00000000     00000000        00000000        00000000
00000652 00000000 0000000b    00000000   00000000    00000000 00000000       00000000       00000000 0000079f     00000000    00000000 00000000   00000000     00000000        00000000        00000000
00000652 00000000 00000022    00000000   00000000    00000000 00000000       00000000       00000000 000006a8     00000000    00000000 00000000   00000000     00000000        00000000        00000000
00000652 00000000 00000039    00000000   00000000    00000000 00000000       00000000       00000000 00000645     00000000    00000000 00000000   00000000     00000000        00000000        00000000
00000652 00000000 00000021    00000000   00000000    00000000 00000000       00000000       00000000 000005fa     00000000    00000000 00000000   00000000     00000000        00000000        00000000
00000652 00000000 0000000c    00000000   00000000    00000000 00000000       00000000       00000000 000006f4     00000000    00000000 00000000   00000000     00000000        00000000        00000000
00000652 00000000 00000024    00000000   00000000    00000000 00000000       00000000       00000000 00000637     00000000    00000000 00000000   00000000     00000000        00000000        00000000
00000652 00000000 0000000c    00000000   00000004    00000000 00000000       00000000       00000000 0000053b     00000000    00000000 00000000   00000000     00000000        00000000        00000000
00000652 00000000 00000020    00000000   00000000    00000000 00000000       00000000       00000000 000006e8     00000000    00000000 00000000   00000000     00000000        00000000        00000000
00000652 00000000 0000000b    00000000   00000000    00000000 00000000       00000000       00000000 000005fe     00000000    00000000 00000000   00000000     00000000        00000000        00000000
00000652 00000000 00000044    00000000   00000000    00000000 00000000       00000000       00000000 00000653     00000000    00000000 00000000   00000000     00000000        00000000        00000000
00000652 00000000 00000025    00000000   00000000    00000000 00000000       00000000       00000000 00000637     00000000    00000000 00000000   00000000     00000000        00000000        00000000
00000652 00000000 00000004    00000000   00000000    00000000 00000000       00000000       00000000 00000728     00000000    00000000 00000000   00000000     00000000        00000000        00000000
00000652 00000000 0000003c    00000000   00000000    00000000 00000000       00000000       00000000 0000066c     00000000    00000000 00000000   00000000     00000000        00000000        00000000
00000652 00000000 00000021    00000000   00000000    00000000 00000000       00000000       00000000 000006f3     00000000    00000000 00000000   00000000     00000000        00000000        00000000
00000652 00000000 00000065    00000000   00000000    00000000 00000000       00000000       00000000 000006af     00000000    00000000 00000000   00000000     00000000        00000000        00000000
00000652 00000000 0000000f    00000000   00000000    00000000 00000000       00000000       00000000 00000626     00000000    00000000 00000000   00000000     00000000        00000000        00000000
00000652 00000000 00000017    00000000   00000000    00000000 00000000       00000000       00000000 0000059b     00000000    00000000 00000000   00000000     00000000        00000000        00000000
00000652 00000000 00000006    00000000   00000000    00000000 00000000       00000000       00000000 000005b3     00000000    00000000 00000000   00000000     00000000        00000000        00000000
00000652 00000000 00000022    00000000   00000000    00000000 00000000       00000000       00000000 000005f9     00000000    00000000 00000000   00000000     00000000        00000000        00000000
00000652 00000000 00000025    00000000   00000000    00000000 00000000       00000000       00000000 000005b6     00000000    00000000 00000000   00000000     00000000        00000000        00000000
00000652 00000000 00000011    00000000   00000000    00000000 00000000       00000000       00000000 00000661     00000000    00000000 00000000   00000000     00000000        00000000        00000000
00000652 00000000 00000009    00000000   00000000    00000000 00000000       00000000       00000000 00000655     00000000    00000000 00000000   00000000     00000000        00000000        00000000
00000652 00000000 0000000b    00000000   00000000    00000000 00000000       00000000       00000000 0000060e     00000000    00000000 00000000   00000000     00000000        00000000        00000000
00000652 00000000 00000003    00000000   00000000    00000000 00000000       00000000       00000000 0000059a     00000000    00000000 00000000   00000000     00000000        00000000        00000000
00000652 00000000 0000001f    00000000   00000000    00000000 00000000       00000000       00000000 000005e8     00000000    00000000 00000000   00000000     00000000        00000000        00000000
00000652 00000000 0000001d    00000000   00000000    00000000 00000000       00000000       00000000 0000055b     00000000    00000000 00000000   00000000     00000000        00000000        00000000
00000652 00000000 00000033    00000000   00000000    00000000 00000000       00000000       00000000 00000474     00000000    00000000 00000000   00000000     00000000        00000000        00000000
00000652 00000000 0000000a    00000000   00000000    00000000 00000000       00000000       00000000 000005a6     00000000    00000000 00000000   00000000     00000000        00000000        00000000
00000652 00000000 00000009    00000000   00000000    00000000 00000000       00000000       00000000 00000671     00000000    00000000 00000000   00000000     00000000        00000000        00000000
00000652 00000000 00000004    00000000   00000000    00000000 00000000       00000000       00000000 00000677     00000000    00000000 00000000   00000000     00000000        00000000        00000000
