00028919 00000000 0000009e 00000000 00000000 00000000 00000000 00000000 00000000 00000000 00000000 00000000 00000000
00022873 00000000 00000097 00000000 00000000 00000000 00000000 00000000 00000000 00000000 00000000 00000000 00000001
00027e28 00000000 000000ab 00000000 00000000 00000000 00000000 00000000 00000000 00000000 00000000 00000000 00000002
000c9eed 00000000 0000039e 00000000 00000000 00000000 00000000 00000000 00000000 00000000 00000000 00000000 00000003
00076ff5 00000000 000001d9 00000000 00000000 00000000 00000000 00000000 00000000 00000000 00000000 00000000 00000004
00080c1f 00000000 00000248 00000000 00000000 00000000 00000000 00000000 00000000 00000000 00000000 00000000 00000005
00026e03 00000000 00000090 00000000 00000000 00000000 00000000 00000000 00000000 00000000 00000000 00000000 00000006
0010bea9 00000000 000004dc 00000000 00000000 00000000 00000000 00000000 00000000 00000000 00000000 00000000 00000007
000356aa 00000000 000000e2 00000000 00000000 00000000 00000000 00000000 00000000 00000000 00000000 00000000 00000008
0006d605 00000000 0000020e 00000000 00000000 00000000 00000000 00000000 00000000 00000000 00000000 00000000 00000009
0002be9d 00000000 000000b6 00000000 00000000 00000000 00000000 00000000 00000000 00000000 00000000 00000000 0000000a
00087983 00000000 0000027b 00000000 00000000 00000000 00000000 00000000 00000000 00000000 00000000 00000000 0000000b
000bfd72 00000000 000003a6 00000000 00000000 00000000 00000000 00000000 00000000 00000000 00000000 00000000 0000000c
0002f45a 00000000 000000b9 00000000 00000000 00000000 00000000 00000000 00000000 00000000 00000000 00000000 0000000d
0003a883 00000000 00000112 00000000 00000000 00000000 00000000 00000000 00000000 00000000 00000000 00000000 0000000e
0003c3bd 00000000 0000014a 00000000 00000000 00000000 00000000 00000000 00000000 00000000 00000000 00000000 0000000f
000d0f21 00000000 000003bd 00000000 00000000 00000000 00000000 00000000 00000000 00000000 00000000 00000000 00000010
000239cb 00000000 0000009f 00000000 00000000 00000000 00000000 00000000 00000000 00000000 00000000 00000000 00000011
000d4e70 00000000 000003ff 00000000 00000000 00000000 00000000 00000000 00000000 00000000 00000000 00000000 00000012
000367f5 00000000 0000010e 00000000 00000000 00000000 00000000 00000000 00000000 00000000 00000000 00000000 00000013
00037f25 00000000 00000120 00000000 00000000 00000000 00000000 00000000 00000000 00000000 00000000 00000000 00000014
0008289b 00000000 00000240 00000000 00000000 00000000 00000000 00000000 00000000 00000000 00000000 00000000 00000015
00025ca3 00000000 000000b2 00000000 00000000 00000000 00000000 00000000 00000000 00000000 00000000 00000000 00000016
0002e7e4 00000000 000000d6 00000000 00000000 00000000 00000000 00000000 00000000 00000000 00000000 00000000 00000017
00020a2a 00000000 00000091 00000000 00000000 00000000 00000000 00000000 00000000 00000000 00000000 00000000 00000018
0002689b 00000000 000000a6 00000000 00000000 00000000 00000000 00000000 00000000 00000000 00000000 00000000 00000019
000a5188 00000000 0000031c 00000000 00000000 00000000 00000000 00000000 00000000 00000000 00000000 00000000 0000001a
000a532e 00000000 00000310 00000000 00000000 00000000 00000000 00000000 00000000 00000000 00000000 00000000 0000001b
000da4f0 00000000 00000423 00000000 00000000 00000000 00000000 00000000 00000000 00000000 00000000 00000000 0000001c
00024344 00000000 00000095 00000000 00000000 00000000 00000000 00000000 00000000 00000000 00000000 00000000 0000001d
0002e0b9 00000000 000000d6 00000000 00000000 00000000 00000000 00000000 00000000 00000000 00000000 00000000 0000001e
0001d650 00000000 0000008a 00000000 00000000 00000000 00000000 00000000 00000000 00000000 00000000 00000000 0000001f
